['BeijingFile_Line', 'X', 'Y', 'Type', 'Distance']
[20164, 40.170083, 116.671788, 'point', 1304.4317535552957]
[20163, 40.169828, 116.671567, 'point', 1304.4320908455852]
[6168, 40.172067, 116.668639, 'point', 1304.4324261122786]
[8393, 40.172067, 116.668639, 'point', 1304.4324261122786]
[10472, 40.171652, 116.662192, 'point', 1304.4370972441154]
[21024, 40.171252, 116.661401, 'point', 1304.4379272201995]
[33147, 40.132942, 116.697861, 'point', 1304.4414275066363]
[22954, 40.133365, 116.696728, 'point', 1304.4418834551923]
[47889, 40.173974, 116.652186, 'point', 1304.4421645613618]
[37322, 40.170662, 116.65292, 'point', 1304.444104525006]
[45556, 40.170661, 116.652511, 'point', 1304.4443822286107]
[17153, 40.168485, 116.65228, 'point', 1304.4461397912885]
[41555, 40.131324, 116.690577, 'point', 1304.4475504697712]
[28544, 40.120691, 116.690749, 'point', 1304.4552582394301]
[49985, 40.102205, 116.707131, 'point', 1304.4577682976606]
[9, 9, 51942, 28, 'cell', 1304.3918905165765]
[8, 9, 50895, 140, 'cell', 1304.4286696446686]
[9, 8, 51794, 148, 'cell', 1304.4358735122698]
